-0.000408320242342709
-0.000290070504510067
1.46651037296483e-05
7.83464311879639e-05
0.000175131487261577
0.000337110507722599
0.000402778864325673
0.000566797925465932
0.000714498948938241
0.000746120169659605
0.000836765679961037
0.000905609858056062
0.000948232582236123
0.00106294001961717
0.00112830195207894
0.00113166769348365
0.00113662840530719
0.00110307015284303
0.00106540973355072
0.00106197154524225
0.00103178243980772
0.0009589863145591
0.000887006718822741
0.000789695968117463
0.000668746717507387
0.000578306872916883
0.000446821955520374
0.000261930993547358
9.56191126829673e-05
-0.00010386514229911
-0.000287262363292987
-0.000419310225615426
-0.000619310581247788
-0.000831121191954693
-0.00103739913487748
-0.00129393665559626
-0.00149075964558455
-0.00168593875719519
-0.0019373996332482
-0.00214282662726698
-0.00236832469941395
-0.00258709380024236
-0.00273980941671921
-0.00294243918457509
-0.00313927633429346
-0.00330811126013975
-0.00350662235513676
-0.00363463045905701
-0.00374241060297661
-0.00387844013073977
-0.00396749862975881
-0.00407106590414968
-0.00415340730555531
-0.00416621567809878
-0.00418940593072616
-0.00417982932630159
-0.00414403610658686
-0.00411101517103593
-0.0040118289145635
-0.00390377357224102
-0.00380234635153158
-0.00365520488316996
-0.00349419486213495
-0.0032847718634122
-0.00303591477588505
-0.00279495153472581
-0.00251252686552109
-0.00220071086744841
-0.00186775946394214
-0.00150554675657644
-0.00117479685145183
-0.000853894106251579
-0.000502220866757945
-0.000103847096795409
0.000367157278998829
0.000836972379291113
0.00126570135103514
0.00169302610034049
0.00212743602573041
0.00259432071604301
0.00306302498488366
0.00348782969699161
0.00391021274333826
0.00434649190702303
0.00480996864967947
0.00528863236091235
0.0057145440969384
0.00610240243926687
0.00647513606652961
0.00682754322561511
0.00717892210299071
0.00750128289008236
0.00779554412944618
0.00807897189875037
0.00831490568631572
0.00851062428649479
0.00866914573590514
0.00879233018273661
0.0089176683450158
0.00900634485763579
0.00902872559069598
0.00901249668753095
0.00896709875278982
0.00890932628755518
0.00879920903022723
0.00859217718226422
0.00833982097995212
0.00808053824527215
0.00783949166844969
0.00761879436839826
0.00734463346113755
0.0069845422232831
0.00655612036964622
0.00608586471340807
0.00561200428947645
0.0051299130344404
0.00463850646037948
0.00415403926520513
0.00365421277800676
0.00310832097237432
0.00251383667499363
0.00193274212327374
0.00140322698568447
0.000845156230268585
0.000207097551411409
-0.000457729985588777
-0.00105435815364187
-0.00153427335819713
-0.00198155684220735
-0.00247954137273405
-0.0030161436581735
-0.00354827155235252
-0.00400988873965892
-0.00440612397817757
-0.0047912990517852
-0.00514792677719969
-0.0054820668717701
-0.00580912257813902
-0.00609155211108367
-0.00630748489654472
-0.00644939379323126
-0.00658164319988455
-0.00677372536688426
-0.00694532347685588
-0.00701155179949918
-0.00697714101275231
-0.00691380749952814
-0.00693200500724663
-0.00700077035627556
-0.00699491631923849
-0.00687288852490704
-0.00666829059682226
-0.00648062722708914
-0.00634881142458814
-0.00621707790695447
-0.00609566690129736
-0.00595863648829294
-0.0057234247545184
-0.00545412544213319
-0.00527615692427932
-0.00520069363641376
-0.00512588950610573
-0.00493339319298311
-0.00463015495711682
-0.00435026190289813
-0.00420475298974057
-0.00424272787040213
-0.00450471833827083
-0.004861736628707
-0.00498676851407023
-0.0048255537450364
-0.00471855109691747
-0.0049241085955234
-0.00535462238861043
-0.00571631118323047
-0.00590964530277063
-0.00613192015673705
-0.00651524362541743
-0.00710305529298776
-0.00782059743906578
-0.00833904524206131
-0.0085374020151627
-0.0086628783104887
-0.00898607766240385
-0.0096763738382311
-0.0105969821065514
-0.0114017528471167
-0.0119211974012087
-0.0122019233467528
-0.0125620616790338
-0.0133290560676009
-0.014370910111186
-0.015305195259733
-0.0158461033410697
-0.0160744481577083
-0.0164618531855408
-0.0172090432792207
-0.018006048595219
-0.0184518493370149
-0.0184691369812748
-0.0185387634525361
-0.0190469423958499
-0.0197906010118612
-0.0205714755138603
-0.021028610355816
-0.0204121898329448
-0.0187601920022767
-0.0171220351112372
-0.0165470424688007
-0.0174497590286101
-0.0188154714929142
-0.0188926900377765
-0.017453942397877
-0.0154052579628581
-0.0137490057764928
-0.0140662623992631
-0.0160867427021368
-0.0164510463062758
-0.0133983502730056
-0.00936753907472294
-0.00823740209357668
-0.0108657078364682
-0.013309763023775
-0.0122026906319919
-0.00802196536084972
-0.00212350962425027
0.00197846095295725
0.00096878149140415
-0.00173361440489317
-0.0018570279227679
0.00169708356497907
0.0103708057863607
0.0196227811666
0.0204148887618294
0.0119793960943049
0.000912563341940455
-0.00258387478260157
0.00816415821418124
0.0211359035033511
0.0206506097294955
0.0108663785646359
0.000789741065513111
-0.00296122562571961
0.0126140625449919
0.0411867698284904
0.047614891163595
0.0186424392640935
-0.00706136964014555
0.0134132441683389
0.0625674528749977
0.0854352624640074
0.0748163052215373
0.0608429778358889
0.0400386579623184
0.00802572575502059
-0.00756230292993322
0.54198800353673
-0.00756230292993322
0.00802572575502059
0.0400386579623184
0.0608429778358889
0.0748163052215373
0.0854352624640074
0.0625674528749977
0.0134132441683389
-0.00706136964014555
0.0186424392640935
0.047614891163595
0.0411867698284904
0.0126140625449919
-0.00296122562571961
0.000789741065513111
0.0108663785646359
0.0206506097294955
0.0211359035033511
0.00816415821418124
-0.00258387478260157
0.000912563341940455
0.0119793960943049
0.0204148887618294
0.0196227811666
0.0103708057863607
0.00169708356497907
-0.0018570279227679
-0.00173361440489317
0.00096878149140415
0.00197846095295725
-0.00212350962425027
-0.00802196536084972
-0.0122026906319919
-0.013309763023775
-0.0108657078364682
-0.00823740209357668
-0.00936753907472294
-0.0133983502730056
-0.0164510463062758
-0.0160867427021368
-0.0140662623992631
-0.0137490057764928
-0.0154052579628581
-0.017453942397877
-0.0188926900377765
-0.0188154714929142
-0.0174497590286101
-0.0165470424688007
-0.0171220351112372
-0.0187601920022767
-0.0204121898329448
-0.021028610355816
-0.0205714755138603
-0.0197906010118612
-0.0190469423958499
-0.0185387634525361
-0.0184691369812748
-0.0184518493370149
-0.018006048595219
-0.0172090432792207
-0.0164618531855408
-0.0160744481577083
-0.0158461033410697
-0.015305195259733
-0.014370910111186
-0.0133290560676009
-0.0125620616790338
-0.0122019233467528
-0.0119211974012087
-0.0114017528471167
-0.0105969821065514
-0.0096763738382311
-0.00898607766240385
-0.0086628783104887
-0.0085374020151627
-0.00833904524206131
-0.00782059743906578
-0.00710305529298776
-0.00651524362541743
-0.00613192015673705
-0.00590964530277063
-0.00571631118323047
-0.00535462238861043
-0.0049241085955234
-0.00471855109691747
-0.0048255537450364
-0.00498676851407023
-0.004861736628707
-0.00450471833827083
-0.00424272787040213
-0.00420475298974057
-0.00435026190289813
-0.00463015495711682
-0.00493339319298311
-0.00512588950610573
-0.00520069363641376
-0.00527615692427932
-0.00545412544213319
-0.0057234247545184
-0.00595863648829294
-0.00609566690129736
-0.00621707790695447
-0.00634881142458814
-0.00648062722708914
-0.00666829059682226
-0.00687288852490704
-0.00699491631923849
-0.00700077035627556
-0.00693200500724663
-0.00691380749952814
-0.00697714101275231
-0.00701155179949918
-0.00694532347685588
-0.00677372536688426
-0.00658164319988455
-0.00644939379323126
-0.00630748489654472
-0.00609155211108367
-0.00580912257813902
-0.0054820668717701
-0.00514792677719969
-0.0047912990517852
-0.00440612397817757
-0.00400988873965892
-0.00354827155235252
-0.0030161436581735
-0.00247954137273405
-0.00198155684220735
-0.00153427335819713
-0.00105435815364187
-0.000457729985588777
0.000207097551411409
0.000845156230268585
0.00140322698568447
0.00193274212327374
0.00251383667499363
0.00310832097237432
0.00365421277800676
0.00415403926520513
0.00463850646037948
0.0051299130344404
0.00561200428947645
0.00608586471340807
0.00655612036964622
0.0069845422232831
0.00734463346113755
0.00761879436839826
0.00783949166844969
0.00808053824527215
0.00833982097995212
0.00859217718226422
0.00879920903022723
0.00890932628755518
0.00896709875278982
0.00901249668753095
0.00902872559069598
0.00900634485763579
0.0089176683450158
0.00879233018273661
0.00866914573590514
0.00851062428649479
0.00831490568631572
0.00807897189875037
0.00779554412944618
0.00750128289008236
0.00717892210299071
0.00682754322561511
0.00647513606652961
0.00610240243926687
0.0057145440969384
0.00528863236091235
0.00480996864967947
0.00434649190702303
0.00391021274333826
0.00348782969699161
0.00306302498488366
0.00259432071604301
0.00212743602573041
0.00169302610034049
0.00126570135103514
0.000836972379291113
0.000367157278998829
-0.000103847096795409
-0.000502220866757945
-0.000853894106251579
-0.00117479685145183
-0.00150554675657644
-0.00186775946394214
-0.00220071086744841
-0.00251252686552109
-0.00279495153472581
-0.00303591477588505
-0.0032847718634122
-0.00349419486213495
-0.00365520488316996
-0.00380234635153158
-0.00390377357224102
-0.0040118289145635
-0.00411101517103593
-0.00414403610658686
-0.00417982932630159
-0.00418940593072616
-0.00416621567809878
-0.00415340730555531
-0.00407106590414968
-0.00396749862975881
-0.00387844013073977
-0.00374241060297661
-0.00363463045905701
-0.00350662235513676
-0.00330811126013975
-0.00313927633429346
-0.00294243918457509
-0.00273980941671921
-0.00258709380024236
-0.00236832469941395
-0.00214282662726698
-0.0019373996332482
-0.00168593875719519
-0.00149075964558455
-0.00129393665559626
-0.00103739913487748
-0.000831121191954693
-0.000619310581247788
-0.000419310225615426
-0.000287262363292987
-0.00010386514229911
9.56191126829673e-05
0.000261930993547358
0.000446821955520374
0.000578306872916883
0.000668746717507387
0.000789695968117463
0.000887006718822741
0.0009589863145591
0.00103178243980772
0.00106197154524225
0.00106540973355072
0.00110307015284303
0.00113662840530719
0.00113166769348365
0.00112830195207894
0.00106294001961717
0.000948232582236123
0.000905609858056062
0.000836765679961037
0.000746120169659605
0.000714498948938241
0.000566797925465932
0.000402778864325673
0.000337110507722599
0.000175131487261577
7.83464311879639e-05
1.46651037296483e-05
-0.000290070504510067