5.72356682865042e-05
5.57101368737314e-05
3.62216359115628e-05
4.47431711333432e-05
3.53091291455895e-05
3.38666478326987e-05
3.60843512683753e-05
2.8292127521651e-05
3.14162852598885e-05
2.72901690310732e-05
2.4712575013509e-05
2.31357850333403e-05
2.13433278026179e-05
2.24131128276455e-05
1.88031358512221e-05
2.33463417207551e-05
2.33475298073053e-05
2.03462915667223e-05
2.32988630993641e-05
2.36883014687405e-05
2.51967641407439e-05
2.69967807550575e-05
3.32951538492056e-05
3.55590332161993e-05
3.50599337101773e-05
4.14117965626264e-05
4.34887489376013e-05
4.64750915253788e-05
5.29649066678746e-05
5.95577898380714e-05
6.27840186237848e-05
6.48739230776557e-05
7.2361718677409e-05
7.48713105205167e-05
7.89941318475877e-05
8.80709112818945e-05
9.27079029057726e-05
9.52588931559648e-05
9.91537697654118e-05
0.000104830976283289
0.000106059001120078
0.000111101218258212
0.000119255689588657
0.000119162928500056
0.000120995693579056
0.000124760140937922
0.000125234725572149
0.000125998282301537
0.000131061295500418
0.000133417275333446
0.000129487634541902
0.000131372411149501
0.000130988569708471
0.000127053311124577
0.000129730318240518
0.000130570373760925
0.000126257225410426
0.000123127786387427
0.000122449139420858
0.000117096016355473
0.000114619140476892
0.000116810969403737
0.000110546115733945
0.000105643418383539
0.000103691757679047
9.7463236076671e-05
9.37708887873104e-05
9.38350566842467e-05
8.99224129254805e-05
8.27740277205096e-05
8.08168173336635e-05
7.55584178257425e-05
7.00493078410384e-05
7.17014355632536e-05
6.71374663480098e-05
6.1122753860254e-05
5.8864530268019e-05
5.36573157058755e-05
4.92611371558166e-05
4.97793134996094e-05
4.7158168551817e-05
4.01478691909668e-05
3.87698718224688e-05
3.39865326890493e-05
2.87455424077092e-05
3.10195373013277e-05
2.63888353722075e-05
2.04716464742016e-05
1.82861381175021e-05
1.23390901991272e-05
8.24075775385685e-06
8.23445668936344e-06
3.31070242974972e-06
-3.99538202543799e-06
-6.86694920207484e-06
-1.45343409564425e-05
-1.91092856726808e-05
-1.95962670204902e-05
-2.91752003609719e-05
-3.50396424991426e-05
-4.08979807403351e-05
-5.08036757434082e-05
-5.34853042615488e-05
-5.86752867148801e-05
-6.88239977736533e-05
-7.54910268952382e-05
-8.34635283689331e-05
-9.29376926883439e-05
-9.5814521669773e-05
-0.000103499567257779
-0.000114720668860186
-0.000119906443105136
-0.000131153819440926
-0.000136881214587992
-0.000139855514412863
-0.000151636280396946
-0.000156893100001582
-0.000164785941711204
-0.000172930373493156
-0.000173560463986344
-0.000180135222541359
-0.00018681648482953
-0.000191001131604788
-0.000197315484510559
-0.000198805422574815
-0.000199410862124044
-0.000205107434295684
-0.000206587244818157
-0.000209655775496094
-0.000211687758245119
-0.000206058642943194
-0.000209854731903881
-0.000209453881356817
-0.000207376991966655
-0.000209963008141564
-0.000201099786907304
-0.000201170770594865
-0.000199821400276285
-0.000195327431311483
-0.000196898756823566
-0.00018658868111824
-0.000184342269999113
-0.000182213699039286
-0.000176826996600185
-0.000177103935763796
-0.000167763610816501
-0.000164966773242343
-0.000161903656024064
-0.000158325556315186
-0.000159004722877604
-0.000150296235116839
-0.00014805734820739
-0.000146664636804861
-0.000144170076836778
-0.000144549864692641
-0.000139560861429937
-0.000137989194151392
-0.000137943116763925
-0.00013958794729582
-0.000140915615201663
-0.000139000460810414
-0.000139950542610076
-0.000142559186677319
-0.000146779325701073
-0.000148979017453521
-0.000148862986825144
-0.000151271376607626
-0.000156494150654708
-0.000159674515274229
-0.000163126987085345
-0.000166460271276116
-0.000166993908871008
-0.000175971518877253
-0.000181827558677644
-0.000182933193448292
-0.000187652751275692
-0.000191715933085469
-0.000199881354487171
-0.00020065243948758
-0.000204974586391638
-0.000208566640245857
-0.000206860033557167
-0.000219222439298483
-0.000216105028739052
-0.000216205079930453
-0.000223416861021438
-0.000219910546353464
-0.000230243414697438
-0.000223789839084835
-0.000222306421749954
-0.000231451614935652
-0.000222500389044272
-0.000228700973419508
-0.000224206817099785
-0.000220114111911071
-0.000227959769937088
-0.000219278986999655
-0.000222400992386149
-0.000217617289059226
-0.000210656440041925
-0.000219400662698636
-0.000206557066283079
-0.00019728485028589
-0.000203692566363272
-0.000194404751525188
-0.000187179665508276
-0.000191039990518261
-0.000181991909218079
-0.000182253620049007
-0.000188952119591121
-0.000174317370602179
-0.00017901994009043
-0.000183662898220704
-0.000164066351908781
-0.000169820206295819
-0.000166633332852979
-0.000139563707204034
-0.000149987741958581
-0.000154325895388507
-0.000117159870095038
-0.00013356047023125
-0.000166205695636172
-0.000123189024163142
-0.000132768913063051
-0.000189359274166155
-0.000142548004447268
-0.000124784804791585
-0.000191540740253587
-0.00014175225403433
-7.81720191128749e-05
-0.000150614010198449
-0.000119451529895599
-2.6666853422849e-05
-0.000122216177933243
-0.000146040017357269
-3.82905677424543e-05
-0.000142370150332866
-0.000230958460932663
-9.05076478623357e-05
-0.000131752459438852
-0.000253123760169538
-8.7990766969267e-05
-3.80149858785364e-05
-0.000169957895120542
-1.53370368415882e-05
9.80711613707082e-05
-8.01599354598006e-05
-2.82536686214331e-05
6.48276507084444e-05
-0.000188251319941477
-0.000245098188315772
-0.000151176860368024
-0.000386577845894913
-0.000416263778613566
-9.21237691527361e-05
-8.43280763649875e-05
0.999721643163762
-8.43280763649875e-05
-9.21237691527361e-05
-0.000416263778613566
-0.000386577845894913
-0.000151176860368024
-0.000245098188315772
-0.000188251319941477
6.48276507084444e-05
-2.82536686214331e-05
-8.01599354598006e-05
9.80711613707082e-05
-1.53370368415882e-05
-0.000169957895120542
-3.80149858785364e-05
-8.7990766969267e-05
-0.000253123760169538
-0.000131752459438852
-9.05076478623357e-05
-0.000230958460932663
-0.000142370150332866
-3.82905677424543e-05
-0.000146040017357269
-0.000122216177933243
-2.6666853422849e-05
-0.000119451529895599
-0.000150614010198449
-7.81720191128749e-05
-0.00014175225403433
-0.000191540740253587
-0.000124784804791585
-0.000142548004447268
-0.000189359274166155
-0.000132768913063051
-0.000123189024163142
-0.000166205695636172
-0.00013356047023125
-0.000117159870095038
-0.000154325895388507
-0.000149987741958581
-0.000139563707204034
-0.000166633332852979
-0.000169820206295819
-0.000164066351908781
-0.000183662898220704
-0.00017901994009043
-0.000174317370602179
-0.000188952119591121
-0.000182253620049007
-0.000181991909218079
-0.000191039990518261
-0.000187179665508276
-0.000194404751525188
-0.000203692566363272
-0.00019728485028589
-0.000206557066283079
-0.000219400662698636
-0.000210656440041925
-0.000217617289059226
-0.000222400992386149
-0.000219278986999655
-0.000227959769937088
-0.000220114111911071
-0.000224206817099785
-0.000228700973419508
-0.000222500389044272
-0.000231451614935652
-0.000222306421749954
-0.000223789839084835
-0.000230243414697438
-0.000219910546353464
-0.000223416861021438
-0.000216205079930453
-0.000216105028739052
-0.000219222439298483
-0.000206860033557167
-0.000208566640245857
-0.000204974586391638
-0.00020065243948758
-0.000199881354487171
-0.000191715933085469
-0.000187652751275692
-0.000182933193448292
-0.000181827558677644
-0.000175971518877253
-0.000166993908871008
-0.000166460271276116
-0.000163126987085345
-0.000159674515274229
-0.000156494150654708
-0.000151271376607626
-0.000148862986825144
-0.000148979017453521
-0.000146779325701073
-0.000142559186677319
-0.000139950542610076
-0.000139000460810414
-0.000140915615201663
-0.00013958794729582
-0.000137943116763925
-0.000137989194151392
-0.000139560861429937
-0.000144549864692641
-0.000144170076836778
-0.000146664636804861
-0.00014805734820739
-0.000150296235116839
-0.000159004722877604
-0.000158325556315186
-0.000161903656024064
-0.000164966773242343
-0.000167763610816501
-0.000177103935763796
-0.000176826996600185
-0.000182213699039286
-0.000184342269999113
-0.00018658868111824
-0.000196898756823566
-0.000195327431311483
-0.000199821400276285
-0.000201170770594865
-0.000201099786907304
-0.000209963008141564
-0.000207376991966655
-0.000209453881356817
-0.000209854731903881
-0.000206058642943194
-0.000211687758245119
-0.000209655775496094
-0.000206587244818157
-0.000205107434295684
-0.000199410862124044
-0.000198805422574815
-0.000197315484510559
-0.000191001131604788
-0.00018681648482953
-0.000180135222541359
-0.000173560463986344
-0.000172930373493156
-0.000164785941711204
-0.000156893100001582
-0.000151636280396946
-0.000139855514412863
-0.000136881214587992
-0.000131153819440926
-0.000119906443105136
-0.000114720668860186
-0.000103499567257779
-9.5814521669773e-05
-9.29376926883439e-05
-8.34635283689331e-05
-7.54910268952382e-05
-6.88239977736533e-05
-5.86752867148801e-05
-5.34853042615488e-05
-5.08036757434082e-05
-4.08979807403351e-05
-3.50396424991426e-05
-2.91752003609719e-05
-1.95962670204902e-05
-1.91092856726808e-05
-1.45343409564425e-05
-6.86694920207484e-06
-3.99538202543799e-06
3.31070242974972e-06
8.23445668936344e-06
8.24075775385685e-06
1.23390901991272e-05
1.82861381175021e-05
2.04716464742016e-05
2.63888353722075e-05
3.10195373013277e-05
2.87455424077092e-05
3.39865326890493e-05
3.87698718224688e-05
4.01478691909668e-05
4.7158168551817e-05
4.97793134996094e-05
4.92611371558166e-05
5.36573157058755e-05
5.8864530268019e-05
6.1122753860254e-05
6.71374663480098e-05
7.17014355632536e-05
7.00493078410384e-05
7.55584178257425e-05
8.08168173336635e-05
8.27740277205096e-05
8.99224129254805e-05
9.38350566842467e-05
9.37708887873104e-05
9.7463236076671e-05
0.000103691757679047
0.000105643418383539
0.000110546115733945
0.000116810969403737
0.000114619140476892
0.000117096016355473
0.000122449139420858
0.000123127786387427
0.000126257225410426
0.000130570373760925
0.000129730318240518
0.000127053311124577
0.000130988569708471
0.000131372411149501
0.000129487634541902
0.000133417275333446
0.000131061295500418
0.000125998282301537
0.000125234725572149
0.000124760140937922
0.000120995693579056
0.000119162928500056
0.000119255689588657
0.000111101218258212
0.000106059001120078
0.000104830976283289
9.91537697654118e-05
9.52588931559648e-05
9.27079029057726e-05
8.80709112818945e-05
7.89941318475877e-05
7.48713105205167e-05
7.2361718677409e-05
6.48739230776557e-05
6.27840186237848e-05
5.95577898380714e-05
5.29649066678746e-05
4.64750915253788e-05
4.34887489376013e-05
4.14117965626264e-05
3.50599337101773e-05
3.55590332161993e-05
3.32951538492056e-05
2.69967807550575e-05
2.51967641407439e-05
2.36883014687405e-05
2.32988630993641e-05
2.03462915667223e-05
2.33475298073053e-05
2.33463417207551e-05
1.88031358512221e-05
2.24131128276455e-05
2.13433278026179e-05
2.31357850333403e-05
2.4712575013509e-05
2.72901690310732e-05
3.14162852598885e-05
2.8292127521651e-05
3.60843512683753e-05
3.38666478326987e-05
3.53091291455895e-05
4.47431711333432e-05
3.62216359115628e-05
5.57101368737314e-05