-0.00156270645234947
-0.00179906625276607
-0.00177991469636725
-0.00142827787630686
-0.000707857677977119
0.000192278691151531
0.00081333107995315
0.000784576515728836
0.000318023691726132
-0.000298646218203052
-0.00118669094702949
-0.00222339735818248
-0.00287594868595064
-0.0028849586550382
-0.00242960831079437
-0.00184857613370557
-0.00133497261833881
-0.000915746823100862
-0.000669863909079554
-0.000640972163693444
-0.000832192173680817
-0.00113994795355387
-0.00135568373072314
-0.00147158400004523
-0.00148723669049896
-0.00136796463005186
-0.00118923669698366
-0.00101522583618269
-0.000919449499627176
-0.000877091094837255
-0.000788982777633269
-0.000511289111401085
3.85167799844234e-05
0.000471612573616507
0.000302999641220201
-0.000316469885035691
-0.000998431807030076
-0.00164630945248991
-0.00191079458387623
-0.000916546682079556
0.0021019024565741
0.00618162435795997
0.00912974730037859
0.0106085348637559
0.0107144669903975
0.0084898107819574
0.00402804224623617
-0.00179235193623043
-0.00734908823759086
-0.0111303838370277
-0.0125007076071774
-0.00963688319099154
-0.000804794421912148
0.0127316167943104
0.0250548316657327
0.0297126226729261
0.0277470237043468
0.0223421441983849
0.0110907685116818
-0.00510654437938697
-0.0178863010083708
-0.0214062119896964
-0.0165047143082699
-0.00762398724265045
0.00196873352533716
0.0114120555124133
0.018643444182747
0.0218477814797219
0.0202876869085655
0.0151137555688902
0.00962186175845983
0.00375853318191729
-0.00196597114008145
-0.00413884655412605
-0.00269176794908526
-0.000218577254461151
0.000793850890880821
-8.67045757252711e-06
-0.00149189266429428
-0.00245290086469309
-0.00123332454206621
0.000574720121310207
-0.0015306450903344
-0.00814838868509357
-0.0172601908092533
-0.0291439311123775
-0.0407333500625499
-0.0417649404888334
-0.020490196354301
0.0177311862271273
0.0504900919852743
0.0729787492633801
0.0847489098374099
0.0694861403452196
0.0213655505969045
-0.0549725061310574
-0.14326330194585
-0.223979485319244
-0.285684125136511
-0.293530210390264
-0.201518151002408
-0.00202472009994993
0.227757983210322
0.368748183912657
0.406938650488897
0.376081740977946
0.201566259016144
-0.146662069049709
-0.513342528950066
-0.72950548125877
-0.742381461765744
-0.600333079647783
-0.357290204451668
-0.0151971478146858
0.364041477042433
0.68121918113977
0.84025836342507
0.790832969594603
0.610479576638273
0.202020754201658
-0.51855262413705
-1.1605343231879
-1.35336310417409
-1.09907442896712
-0.633435898595264
-0.099898007231748
0.797434010669727
2.00735126646231
2.82254512351632
2.00735126646229
0.797434010669716
-0.099898007231756
-0.633435898595269
-1.09907442896713
-1.35336310417409
-1.1605343231879
-0.518552624137042
0.202020754201664
0.610479576638276
0.790832969594605
0.84025836342507
0.681219181139767
0.364041477042428
-0.0151971478146903
-0.357290204451671
-0.600333079647786
-0.742381461765745
-0.729505481258769
-0.513342528950062
-0.146662069049704
0.201566259016147
0.376081740977947
0.406938650488897
0.368748183912656
0.227757983210319
-0.00202472009995346
-0.20151815100241
-0.293530210390265
-0.28568412513651
-0.223979485319242
-0.143263301945848
-0.054972506131056
0.0213655505969057
0.0694861403452197
0.0847489098374093
0.0729787492633792
0.0504900919852735
0.0177311862271266
-0.020490196354301
-0.0417649404888331
-0.0407333500625493
-0.029143931112377
-0.017260190809253
-0.00814838868509345
-0.00153064509033421
0.000574720121309809
-0.0012333245420669
-0.00245290086469333
-0.0014918926642941
-8.67045757237517e-06
0.000793850890881021
-0.000218577254460877
-0.0026917679490849
-0.00413884655412565
-0.00196597114008122
0.003758533181917
0.00962186175845918
0.0151137555688894
0.0202876869085647
0.0218477814797215
0.0186434441827472
0.0114120555124137
0.00196873352533765
-0.00762398724264981
-0.0165047143082692
-0.021406211989696
-0.0178863010083706
-0.00510654437938726
0.0110907685116812
0.0223421441983845
0.0277470237043466
0.0297126226729256
0.0250548316657323
0.0127316167943105
-0.000804794421911757
-0.00963688319099119
-0.0125007076071771
-0.0111303838370276
-0.00734908823759055
-0.00179235193623026
0.00402804224623597
0.00848981078195701
0.0107144669903974
0.0106085348637557
0.00912974730037819
0.00618162435795979
0.00210190245657431
-0.000916546682078972
-0.00191079458387582
-0.00164630945249015
-0.00099843180703029
-0.000316469885035132
0.000302999641220888
0.00047161257361593
3.85167799834428e-05
-0.000511289111401566
-0.000788982777632647
-0.000877091094836806
-0.000919449499627356
-0.00101522583618287
-0.00118923669698342
-0.00136796463005157
-0.00148723669049884
-0.00147158400004533
-0.00135568373072334
-0.00113994795355403
-0.000832192173680936
-0.000640972163693539
-0.000669863909079517
-0.000915746823100803
-0.00133497261833882
-0.00184857613370554
-0.00242960831079428
-0.00288495865503811
-0.00287594868595059
-0.00222339735818252
-0.00118669094702958
-0.000298646218203123
0.000318023691726073
0.000784576515728779
0.000813331079953109
0.000192278691151561
-0.000707857677977026
-0.00142827787630678
-0.00177991469636717
-0.001799066252766
-0.00156270645234941
