0.0000296387
-0.0000008320
0.0000001765
0.0000203575
0.0000088744
0.0000267735
-0.0000198186
0.0000154906
0.0000483706
-0.0000244917
0.0000332715
0.0000508362
-0.0000143017
0.0000087321
0.0000340090
0.0000433650
0.0000060090
0.0000326506
0.0000861560
-0.0000190711
-0.0000101307
0.0000820117
0.0000103332
-0.0000003388
0.0000803456
0.0000348298
-0.0000235726
0.0000099064
0.0000507068
0.0000765242
-0.0000431985
0.0000715143
0.0002386134
-0.0002218095
-0.0000305976
0.0002994217
-0.0002505703
0.0000846592
0.0001902494
-0.0000638329
0.0001751599
-0.0004339121
0.0002350131
0.0003261754
-0.0007816998
0.0007490192
0.0001078365
-0.0010008308
0.0006398372
-0.0003693664
-0.0002503856
0.0003846351
-0.0003803664
0.0008985817
-0.0008712180
-0.0005730000
0.0018049573
-0.0015118690
0.0000068944
0.0018824661
-0.0014880537
0.0001831653
0.0000910946
-0.0003436903
0.0012224529
-0.0016216490
0.0017628095
0.0016019001
-0.0039962709
0.0028270837
0.0007664064
-0.0036815002
0.0043820227
-0.0009349801
-0.0003769214
0.0024372072
-0.0048630639
0.0070825821
-0.0016228037
-0.0058240905
0.0171673749
-0.0077200155
-0.0046556047
0.0153090521
-0.0130063815
0.0078874942
0.0027684139
-0.0074801821
0.0251410583
-0.0252475655
0.0036269714
0.0309894212
-0.0437381036
0.0309954302
0.0191249366
-0.0396304505
0.0424151700
-0.0213719457
-0.0013622224
0.0308379658
-0.0512400231
0.0739210690
-0.0087566995
-0.0664786080
0.1179267678
-0.0555785270
-0.0340933556
0.0932970081
-0.0599235663
0.0609803666
-0.0143861394
-0.0605158125
0.1203817261
-0.1266908758
0.0241664238
0.1544295576
-0.1692596298
0.0926609202
0.0524871037
-0.1490726171
0.1302638085
-0.0332888781
0.0302032065
0.1034823351
-0.2061544336
0.1618079972
0.1230830716
-0.6061582038
1.0000000000
-0.6061582038
0.1230830716
0.1618079972
-0.2061544336
0.1034823351
0.0302032065
-0.0332888781
0.1302638085
-0.1490726171
0.0524871037
0.0926609202
-0.1692596298
0.1544295576
0.0241664238
-0.1266908758
0.1203817261
-0.0605158125
-0.0143861394
0.0609803666
-0.0599235663
0.0932970081
-0.0340933556
-0.0555785270
0.1179267678
-0.0664786080
-0.0087566995
0.0739210690
-0.0512400231
0.0308379658
-0.0013622224
-0.0213719457
0.0424151700
-0.0396304505
0.0191249366
0.0309954302
-0.0437381036
0.0309894212
0.0036269714
-0.0252475655
0.0251410583
-0.0074801821
0.0027684139
0.0078874942
-0.0130063815
0.0153090521
-0.0046556047
-0.0077200155
0.0171673749
-0.0058240905
-0.0016228037
0.0070825821
-0.0048630639
0.0024372072
-0.0003769214
-0.0009349801
0.0043820227
-0.0036815002
0.0007664064
0.0028270837
-0.0039962709
0.0016019001
0.0017628095
-0.0016216490
0.0012224529
-0.0003436903
0.0000910946
0.0001831653
-0.0014880537
0.0018824661
0.0000068944
-0.0015118690
0.0018049573
-0.0005730000
-0.0008712180
0.0008985817
-0.0003803664
0.0003846351
-0.0002503856
-0.0003693664
0.0006398372
-0.0010008308
0.0001078365
0.0007490192
-0.0007816998
0.0003261754
0.0002350131
-0.0004339121
0.0001751599
-0.0000638329
0.0001902494
0.0000846592
-0.0002505703
0.0002994217
-0.0000305976
-0.0002218095
0.0002386134
0.0000715143
-0.0000431985
0.0000765242
0.0000507068
0.0000099064
-0.0000235726
0.0000348298
0.0000803456
-0.0000003388
0.0000103332
0.0000820117
-0.0000101307
-0.0000190711
0.0000861560
0.0000326506
0.0000060090
0.0000433650
0.0000340090
0.0000087321
-0.0000143017
0.0000508362
0.0000332715
-0.0000244917
0.0000483706
0.0000154906
-0.0000198186
0.0000267735
0.0000088744
0.0000203575
0.0000001765
-0.0000008320
0.0000296387
