Fréquence (Hz)	Niveau (dB)
43,066406	-14,888205
86,132812	-11,656025
129,199219	-15,468319
172,265625	-15,619642
215,332031	-12,158124
258,398438	-12,219513
301,464844	-14,609831
344,531250	-18,916439
387,597656	-20,435680
430,664062	-19,421509
473,730469	-19,169168
516,796875	-17,483749
559,863281	-20,573143
602,929688	-20,415283
645,996094	-20,657578
689,062500	-20,588858
732,128906	-20,437635
775,195312	-18,011578
818,261719	-19,391085
861,328125	-24,899054
904,394531	-27,010180
947,460938	-24,923328
990,527344	-26,721836
1033,593750	-23,091537
1076,660156	-25,629375
1119,726562	-31,878654
1162,792969	-28,913916
1205,859375	-29,183010
1248,925781	-27,589092
1291,992188	-25,691942
1335,058594	-26,924248
1378,125000	-27,389677
1421,191406	-26,654459
1464,257812	-28,956966
1507,324219	-29,383421
1550,390625	-24,338964
1593,457031	-24,840219
1636,523438	-26,324001
1679,589844	-27,993732
1722,656250	-33,575989
1765,722656	-33,037468
1808,789062	-28,988495
1851,855469	-27,089088
1894,921875	-28,654213
1937,988281	-30,057863
1981,054688	-32,003342
2024,121094	-32,089748
2067,187500	-27,995161
2110,253906	-27,470104
2153,320312	-30,354856
2196,386719	-30,405540
2239,453125	-31,069042
2282,519531	-31,082731
2325,585938	-27,770195
2368,652344	-27,271317
2411,718750	-30,416555
2454,785156	-30,716568
2497,851562	-29,121925
2540,917969	-29,606443
2583,984375	-28,160492
2627,050781	-27,943750
2670,117188	-29,430927
2713,183594	-29,564829
2756,250000	-27,724054
2799,316406	-26,228672
2842,382812	-25,983503
2885,449219	-26,124451
2928,515625	-29,354048
2971,582031	-34,193321
3014,648438	-34,696854
3057,714844	-34,295265
3100,781250	-33,077564
3143,847656	-32,873611
3186,914062	-36,083839
3229,980469	-38,054256
3273,046875	-36,946861
3316,113281	-35,667706
3359,179688	-34,590481
3402,246094	-33,080608
3445,312500	-32,361694
3488,378906	-33,655289
3531,445312	-32,976967
3574,511719	-31,273966
3617,578125	-29,127359
3660,644531	-27,431889
3703,710938	-26,926340
3746,777344	-27,504251
3789,843750	-29,419718
3832,910156	-29,525745
3875,976562	-27,402006
3919,042969	-26,547890
3962,109375	-28,054798
4005,175781	-29,266096
4048,242188	-30,545044
4091,308594	-33,399895
4134,375000	-31,467674
4177,441406	-30,773382
4220,507812	-31,976355
4263,574219	-33,867294
4306,640625	-35,436256
4349,707031	-36,009666
4392,773438	-35,545063
4435,839844	-35,519440
4478,906250	-35,554039
4521,972656	-38,892975
4565,039062	-39,593033
4608,105469	-39,707439
4651,171875	-38,906765
4694,238281	-37,621380
4737,304688	-38,109230
4780,371094	-39,341766
4823,437500	-40,582047
4866,503906	-40,071392
4909,570312	-38,139484
4952,636719	-37,233253
4995,703125	-37,857944
5038,769531	-39,348473
5081,835938	-40,613316
5124,902344	-39,939297
5167,968750	-38,593468
5211,035156	-38,142448
5254,101562	-38,440144
5297,167969	-39,407867
5340,234375	-39,921162
5383,300781	-39,919640
5426,367188	-40,285294
5469,433594	-40,327045
5512,500000	-39,852310
5555,566406	-39,583397
5598,632812	-38,941238
5641,699219	-38,993656
5684,765625	-39,139717
5727,832031	-38,526978
5770,898438	-37,425503
5813,964844	-37,144512
5857,031250	-37,725368
5900,097656	-38,372002
5943,164062	-37,842506
5986,230469	-36,943825
6029,296875	-37,068459
6072,363281	-38,218456
6115,429688	-38,420704
6158,496094	-38,586632
6201,562500	-38,944462
6244,628906	-38,595913
6287,695312	-38,681499
6330,761719	-39,248680
6373,828125	-39,866295
6416,894531	-40,467506
6459,960938	-40,224220
6503,027344	-39,332863
6546,093750	-38,533913
6589,160156	-38,671173
6632,226562	-39,301697
6675,292969	-39,410973
6718,359375	-39,558033
6761,425781	-38,757881
6804,492188	-38,595238
6847,558594	-39,004787
6890,625000	-38,946819
6933,691406	-39,207806
6976,757812	-39,490993
7019,824219	-39,166908
7062,890625	-38,968845
7105,957031	-39,387054
7149,023438	-39,834320
7192,089844	-39,873638
7235,156250	-39,431038
7278,222656	-39,373993
7321,289062	-39,313919
7364,355469	-39,687691
7407,421875	-39,924580
7450,488281	-39,538166
7493,554688	-39,456738
7536,621094	-39,265575
7579,687500	-39,508156
7622,753906	-39,749977
7665,820312	-39,761036
7708,886719	-39,138206
7751,953125	-39,143555
7795,019531	-38,891266
7838,085938	-38,930946
7881,152344	-39,168491
7924,218750	-39,204967
7967,285156	-38,624035
8010,351562	-38,415016
8053,417969	-38,100182
8096,484375	-38,180134
8139,550781	-37,721516
8182,617188	-37,653950
8225,683594	-38,147694
8268,750000	-38,150990
8311,816406	-38,028053
8354,882812	-37,920773
8397,949219	-37,867550
8441,015625	-37,882931
8484,082031	-37,908924
8527,148438	-38,307964
8570,214844	-38,325047
8613,281250	-38,766537
8656,347656	-38,782818
8699,414062	-39,008606
8742,480469	-39,416569
8785,546875	-39,447102
8828,613281	-39,415615
8871,679688	-39,532726
8914,746094	-39,610619
8957,812500	-39,756474
9000,878906	-39,967857
9043,945312	-40,466450
9087,011719	-40,567326
9130,078125	-40,485027
9173,144531	-41,109501
9216,210938	-41,369415
9259,277344	-41,256882
9302,343750	-41,493572
9345,410156	-41,452496
9388,476562	-41,338081
9431,542969	-41,708424
9474,609375	-42,011166
9517,675781	-41,984451
9560,742188	-42,745335
9603,808594	-43,191471
9646,875000	-42,740723
9689,941406	-42,926548
9733,007812	-43,392704
9776,074219	-43,030811
9819,140625	-43,358448
9862,207031	-43,769474
9905,273438	-43,638363
9948,339844	-44,104668
9991,406250	-44,399643
10034,472656	-44,049721
10077,539062	-44,180614
10120,605469	-44,435646
10163,671875	-44,840847
10206,738281	-44,620331
10249,804688	-44,645588
10292,871094	-44,694893
10335,937500	-44,760765
10379,003906	-45,342258
10422,070312	-45,783554
10465,136719	-45,769794
10508,203125	-45,285709
10551,269531	-44,940884
10594,335938	-44,976547
10637,402344	-44,893772
10680,468750	-45,198410
10723,535156	-45,983162
10766,601562	-45,866516
10809,667969	-46,097034
10852,734375	-46,609192
10895,800781	-46,511177
10938,867188	-46,333469
10981,933594	-46,266029
11025,000000	-46,872078
11068,066406	-47,131680
11111,132812	-46,968021
11154,199219	-46,742302
11197,265625	-47,602478
11240,332031	-47,770126
11283,398438	-47,419434
11326,464844	-48,004524
11369,531250	-47,965992
11412,597656	-48,230362
11455,664062	-48,369167
11498,730469	-48,419544
11541,796875	-48,386757
11584,863281	-49,040199
11627,929688	-49,417450
11670,996094	-49,194576
11714,062500	-49,644657
11757,128906	-49,509205
11800,195312	-49,590458
11843,261719	-49,797016
11886,328125	-49,489780
11929,394531	-49,847557
11972,460938	-50,558689
12015,527344	-50,655762
12058,593750	-50,754074
12101,660156	-50,847961
12144,726562	-50,622437
12187,792969	-50,819897
12230,859375	-51,112827
12273,925781	-51,331017
12316,992188	-50,840630
12360,058594	-50,821392
12403,125000	-50,766903
12446,191406	-50,781845
12489,257812	-51,076611
12532,324219	-51,222054
12575,390625	-51,320148
12618,457031	-51,307102
12661,523438	-51,583363
12704,589844	-51,883873
12747,656250	-52,044487
12790,722656	-52,233238
12833,789062	-51,823856
12876,855469	-51,395733
12919,921875	-51,980228
12962,988281	-52,485401
13006,054688	-52,477081
13049,121094	-52,861671
13092,187500	-52,581528
13135,253906	-52,582657
13178,320312	-52,543011
13221,386719	-52,260864
13264,453125	-52,244709
13307,519531	-52,623238
13350,585938	-52,599838
13393,652344	-52,379528
13436,718750	-52,320583
13479,785156	-52,562275
13522,851562	-52,825897
13565,917969	-52,575291
13608,984375	-52,841400
13652,050781	-52,967152
13695,117188	-53,063271
13738,183594	-52,865669
13781,250000	-52,626186
13824,316406	-53,102001
13867,382812	-53,379856
13910,449219	-53,082973
13953,515625	-52,736343
13996,582031	-52,932224
14039,648438	-53,085693
14082,714844	-52,743328
14125,781250	-52,792889
14168,847656	-52,656406
14211,914062	-52,672798
14254,980469	-52,501507
14298,046875	-52,030876
14341,113281	-52,765972
14384,179688	-53,010303
14427,246094	-53,070831
14470,312500	-53,602013
14513,378906	-53,914036
14556,445312	-53,356560
14599,511719	-53,543404
14642,578125	-53,289528
14685,644531	-53,604710
14728,710938	-53,980198
14771,777344	-53,712357
14814,843750	-53,519970
14857,910156	-54,150455
14900,976562	-54,273319
14944,042969	-54,658398
14987,109375	-55,116901
15030,175781	-54,701813
15073,242188	-54,425346
15116,308594	-55,005814
15159,375000	-55,091328
15202,441406	-54,454239
15245,507812	-54,524166
15288,574219	-55,097126
15331,640625	-54,698669
15374,707031	-54,772995
15417,773438	-54,695248
15460,839844	-55,066051
15503,906250	-55,436321
15546,972656	-55,432682
15590,039062	-55,582302
15633,105469	-55,797287
15676,171875	-55,623981
15719,238281	-57,456825
15762,304688	-62,336842
15805,371094	-69,312019
15848,437500	-75,538109
15891,503906	-82,812126
15934,570312	-83,857132
15977,636719	-83,323204
16020,703125	-85,010056
16063,769531	-88,705734
16106,835938	-93,961571
16149,902344	-100,503616
16192,968750	-106,178505
16236,035156	-111,038170
16279,101562	-116,196640
16322,167969	-120,072571
16365,234375	-122,371384
16408,300781	-123,758347
16451,367188	-121,824219
16494,433594	-123,406059
16537,500000	-128,268814
16580,566406	-121,773712
16623,632812	-119,048378
16666,699219	-124,425186
16709,765625	-126,453903
16752,832031	-123,296242
16795,898438	-125,178726
16838,964844	-128,826447
16882,031250	-128,369949
16925,097656	-130,500671
16968,164062	-131,457291
17011,230469	-133,629593
17054,296875	-133,482574
17097,363281	-132,493530
17140,429688	-129,008316
17183,496094	-128,725830
17226,562500	-130,341064
17269,628906	-129,138412
17312,695312	-125,419487
17355,761719	-127,245789
17398,828125	-127,351639
17441,894531	-127,614487
17484,960938	-129,162537
17528,027344	-132,270294
17571,093750	-130,431641
17614,160156	-127,460876
17657,226562	-126,161369
17700,292969	-128,284927
17743,359375	-131,171875
17786,425781	-130,627029
17829,492188	-126,463264
17872,558594	-126,758209
17915,625000	-131,563187
17958,691406	-128,461334
18001,757812	-126,654144
18044,824219	-127,862122
18087,890625	-122,848351
18130,957031	-119,617165
18174,023438	-121,562836
18217,089844	-125,886452
18260,156250	-129,527878
18303,222656	-131,292114
18346,289062	-130,507034
18389,355469	-133,140594
18432,421875	-133,487411
18475,488281	-133,452911
18518,554688	-129,488266
18561,621094	-128,779724
18604,687500	-129,564514
18647,753906	-130,632019
18690,820312	-132,228043
18733,886719	-129,357498
18776,953125	-126,235977
18820,019531	-127,015266
18863,085938	-128,840149
18906,152344	-130,737534
18949,218750	-128,403473
18992,285156	-123,783234
19035,351562	-120,808907
19078,417969	-122,214439
19121,484375	-128,372543
19164,550781	-130,404190
19207,617188	-124,716843
19250,683594	-126,085518
19293,750000	-132,026398
19336,816406	-129,664536
19379,882812	-129,420868
19422,949219	-130,851608
19466,015625	-130,107086
19509,082031	-129,340103
19552,148438	-131,551361
19595,214844	-131,678391
19638,281250	-130,218781
19681,347656	-128,514053
19724,414062	-127,643654
19767,480469	-129,284927
19810,546875	-130,106522
19853,613281	-127,822350
19896,679688	-127,780891
19939,746094	-129,245926
19982,812500	-128,823944
20025,878906	-131,401733
20068,945312	-133,046204
20112,011719	-132,155045
20155,078125	-131,006714
20198,144531	-130,857834
20241,210938	-132,163208
20284,277344	-133,633667
20327,343750	-128,691711
20370,410156	-128,385208
20413,476562	-129,800690
20456,542969	-129,676498
20499,609375	-127,515869
20542,675781	-125,232910
20585,742188	-124,720772
20628,808594	-127,792854
20671,875000	-131,935196
20714,941406	-128,675644
20758,007812	-125,491959
20801,074219	-127,484734
20844,140625	-127,385880
20887,207031	-123,093437
20930,273438	-123,286423
20973,339844	-127,537506
21016,406250	-129,144547
21059,472656	-132,455276
21102,539062	-133,007187
21145,605469	-131,685013
21188,671875	-127,461014
21231,738281	-128,836731
21274,804688	-128,240005
21317,871094	-127,250481
21360,937500	-128,548431
21404,003906	-129,574142
21447,070312	-126,843613
21490,136719	-128,864822
21533,203125	-130,893524
21576,269531	-130,639572
21619,335938	-131,279175
21662,402344	-131,269974
21705,468750	-127,186218
21748,535156	-127,058113
21791,601562	-129,514114
21834,667969	-130,448227
21877,734375	-131,620178
21920,800781	-127,200478
21963,867188	-121,405060
22006,933594	-123,584419
